5911
106
8937
8907
3277
1384
4343
7855
9587
6822
4285
955
6259
9425
9681
2864
2609
6459
991
5066
2670
2152
5658
8943
3031
5122
7107
7738
8635
3293
5574
274
5263
1321
1264
8926
873
7781
9900
4492
3068
131
7562
2899
7704
3946
4147
2710
4873
2371
9886
7809
169
2679
7904
6146
9247
4060
3397
2940
2963
7501
8709
1695
6028
9067
8216
5694
4251
195
3417
5741
5349
1768
3505
274
6025
856
5155
2873
8124
7836
699
1135
5785
6110
2389
2049
5386
3791
8259
6073
3987
8480
2373
9450
4178
8600
4327
2442
8213
5873
9498
3763
3120
805
5179
9672
8784
4962
6331
1769
2538
8809
643
5332
5049
364
1167
6003
9796
6154
5089
1770
2082
8174
686
6121
3527
921
8147
600
6952
2974
6522
6758
301
8862
1655
5620
5056
9246
4922
1443
7292
3032
9770
262
4054
7657
8944
4456
5442
2169
9331
1108
2472
6547
7139
4563
7452
3384
6194
5082
636
8698
4443
3984
3155
8020
9357
3371
4572
1896
8410
9093
3698
2816
4268
8297
8944
5818
7362
2622
5131
317
8422
1733
7580
1429
4548
9689
2178
6054
4518
3367
4958
3734
475
2399
1565
4578
8902
4823
9562
220
2040
771
4892
4572
264
1740
3126
4123
9415
7565
4716
5356
1001
8061
2210
669
6180
6413
193
2851
755
1772
2313
3467
7818
3451
9721
6172
5351
912
1103
5851
2635
4806
7168
6671
8270
9352
470
5310
8100
711
903
5892
2502
6872
2497
252
6459
6440
1979
215
1664
3702
4094
187
496
5889
5481
5492
5449
1647
5190
9365
2990
4942
1737
9724
2521
873
9708
5056
9380
575
5482
1762
3123
3786
9732
7840
3813
7438
8130
2037
2822
9676
4933
7313
5807
760
9005
8012
3428
2171
7575
8798
7757
3296
3692
2555
6305
7593
2959
7579
8181
5727
1041
4185
9190
214
9743
5217
5429
3327
1230
5461
3198
3687
4852
1163
5535
5196
7703
5922
1555
9255
1342
5858
3016
4100
6392
7929
3600
1920
9799
6454
5268
7571
8011
9180
3113
2779
7177
129
5123
3297
7049
1696
4917
6822
562
3073
7798
8476
2787
7315
7338
612
4476
6943
5560
5527
3205
1458
7314
4422
9017
5752
1189
907
1472
670
4508
9856
6555
5235
4619
346
8970
3942
85
905
9148
5888
455
9920
3601
8768
7463
6682
4703
8719
9138
3195
6480
9688
2415
2848
4257
7453
3315
278
761
8271
8337
2429
4127
6772
4412
939
314
8738
5344
2804
8546
1083
1273
6442
956
9092
859
313
9321
7416
6760
8040
5452
4543
8406
7444
3343
3916
954
3867
729
7216
3359
613
3316
2197
1929
178
3076
5526
9644
4290
6121
1177
8281
7716
4149
5380
5067
1682
2923
1677
5615
1358
5960
9489
9644
5732
2544
7735
2091
7265
1509
6038
7295
2884
5794
9717
8375
9252
4099
3462
7055
3661
6784
8342
5384
4277
2224
8410
9134
5242
5652
2773
21
9049
3881
8551
7284
2319
2175
6469
2878
1891
1852
6080
2178
1820
5610
9664
9250
802
972
1711
6906
6417
3717
1225
5338
5596
2297
9121
7174
4612
4690
7649
2809
5544
5622
8581
4382
1166
4445
1973
9735
4993
6947
1745
7155
1546
7794
6108
4873
618
8049
9831
70
2167
7924
3066
8021
2249
9612
9347
1623
4163
1532
3243
8098
4136
4640
3640
330
4949
2127
4732
5594
7458
9178
9235
4638
488
7836
2025
3221
3510
3729
5584
2995
8828
9487
1064
1177
880
8920
6936
8426
1368
8629
6962
3829
6082
5780
4758
5745
8663
7190
2046
826
1202
2340
4571
5476
1535
9466
2437
3535
4707
7868
160
9232
6450
5164
9468
378
2559
5076
5479
6346
6038
8812
1227
5673
9209
9110
4165
3864
2735
2111
5324
1739
2061
3394
7556
1014
67
8458
7804
6019
7141
2015
67
6582
8067
6823
4175
9404
4230
8031
5122
8926
3427
357
7067
5401
1736
6554
1027
1917
3085
7906
6039
1719
5184
6514
3746
5009
3136
6303
7054
5980
5441
8417
6007
1105
5808
9749
3961
6422
3605
9159
9536
8878
1450
690
4840
2093
1484
4108
7427
3566
9603
6279
118
2594
6014
7683
8981
5566
5138
2692
415
4697
1312
8639
5767
9789
8083
4476
6765
5508
9599
970
2917
9615
6582
5117
2934
7056
6786
9720
297
9249
7961
8314
6031
8089
5712
7331
5136
2394
6461
3907
1222
9127
2098
6011
6411
5851
8973
2598
285
4668
4843
8986
499
1440
33
8603
1791
6342
4094
867
1633
6255
8016
4681
3889
3382
6243
4569
5962
724
4466
1067
4671
7125
4776
9108
5933
35
7590
2213
9748
8665
554
8751
5198
2648
3611
5951
3893
7123
8986
412
4886
2619
5360
7299
9540
3561
9003
2267
2116
8607
3176
6990
656
890
3568
7099
3160
2750
9632
6184
3236
4541
2227
9206
6749
4953
7480
1673
8259
4933
4324
7099
8177
6950
4085
5078
57
1782
4233
7833
6577
9734
7425
7095
6739
9653
928
2624
8116
289
6204
3798
7228
8941
7761
157
7757
3567
6939
1430
3067
7267
3
1177
3944
5598
7622
5582
6006
9659
3373
9569
4142
8252
6266
300
1432
1723
5355
281
2065
5393
1883
3143
1079
2024
667
7776
5504
1815
514
3986
1628
9947
3169
6702
9871
2928
5338
5379
5725
2589
5023
7657
6933
6008
1092
7855
1125
5508
8834
7599
9309
755
3750
9597
8408
3076
6441
5932
359
4684
633
2609
1686
5524
2195
5463
3265
2355
3499
1285
8757
7187
67
3655
6953
7668
5372
2198
3073
2859
5669
6010
3640
7172
1105
7012
7474
4201
4757
7325
8446
29
7070
9730
3921
5129
3965
5524
1462
7928
3669
2513
1016
1021
436
9908
642
4053
2238
4666
5464
5920
4548
6506
1001
5097
7148
8000
186
6977
471
1531
3680
5025
5382
8488
8547
32
6338
7871
143
5343
3147
4499
5059
6165
2228
4459
5651
7647
6590
6625
476
6438
1868
8059
822
7455
2820
841
1736
183
2013
9064
6351
673
6167
9268
803
4305
779
1642
8216
5666
7436
8723
8526
2092
6865
2346
3508
6722
8326
5075
534
3512
6945
5000
3998
2928
3931
778
6122
13
1890
4757
8504
3369
3502
4358
2051
9007
575
6800
6931
3292
7768
2221
558
180
9827
4074
8090
8273
384
9596
9073
9024
7692
3144
412
4026
975
3549
7715
9131
4993
2313
641
6034
8804
946
2290
3005
9102
7762
2755
4183
606
3745
9968
3623
3845
1715
1393
1625
2233
3819
3408
9554
7901
2187
9953
9734
4461
5620
8467
7028
4054
1109
3592
1079
7048
2516
6254
5078
9328
7369
6383
810
6113
9644
6520
3141
3613
3102
7722
7397
284
1350
7692
8712
2287
8793
2569
5121
3250
9052
4554
8894
5453
8921
4838
926
8078
9850
528
7222
7545
1794
4484
8619
2948
5815
5808
1126
4685
854
6151
2490
5937
7874
9514
3240
7271
3503
7517
4847
8375
800
8450
2966
62
8671
1186
5456
8826
2470
8174
1852
126
6182
9294
5087
9786
646
7453
7845
3312
1328
1580
2790
9604
323
8602
721
3834
6283
1953
5375
9513
84
1049
3332
2150
7157
4900
3123
9361
4146
4572
5185
4523
2302
5178
5957
3025
7381
4072
7123
1714
9108
1604
7062
8084
6147
2758
2225
530
3127
5207
9493
1207
3646
7154
3719
6675
7704
8403
2480
2953
1184
2180
31
1843
2102
9667
1959
2620
7405
5618
159
3233
2429
4604
5
9742
1900
1634
258
3441
8015
1909
3214
5377
9757
688
3343
5552
2666
6391
9648
6201
8955
8533
787
663
7894
8144
1179
8565
3930
9775
4989
544
4746
1547
6586
7140
3943
357
3682
4815
9692
3436
6825
4365
9367
2027
6193
6037
289
368
6742
942
3019
1120
9905
874
892
8671
9403
6286
5547
6735
4421
2130
9041
1586
5046
6749
1797
2182
6728
1623
7848
8541
4934
6445
9389
5168
4012
1256
7913
8423
7460
2161
3994
8480
8514
5123
7297
9249
7818
2962
4991
4208
4817
8189
806
297
9523
4597
2403
6457
1977
2041
5097
6860
988
475
2559
8692
7437
1639
1124
8262
5297
9977
758
8592
3195
7079
4340
2226
6980
7794
1890
7540
5310
7469
1370
6521
9012
5538
5996
1892
5796
6427
5521
6319
5004
9055
6442
1653
3321
2147
4660
4514
1649
5921
2686
8672
2081
7621
4715
6541
1471
2012
9439
6734
5897
1263
6576
600
3685
4920
4806
4408
8058
9897
8561
3527
2697
8384
3303
3955
3368
5493
6148
4816
9173
9222
1786
6560
61
1698
2938
1913
7860
1239
4147
1925
5368
9122
2269
976
3258
8760
908
6443
8279
9075
1841
1420
5062
1306
935
6055
5409
3878
4880
5843
5738
4895
5893
5659
2235
4319
2198
6891
4892
1308
5326
6836
494
9207
8188
2462
1862
9314
5398
4982
5602
4749
5282
8673
4689
742
433
2452
2852
6117
7489
1429
8376
3830
2706
6842
7054
3655
4356
39
5231
4044
2583
1115
8294
4459
5130
7597
9370
9310
3741
9408
6824
4296
923
4962
7964
7709
4943
6009
4710
4096
6371
104
7644
279
4274
4794
5368
3556
5854
5245
6579
3839
2215
4505
3909
6370
2660
6944
8710
4062
9548
8610
8069
5715
7409
3615
8211
6309
2464
601
9993
3741
7668
4519
6205
7690
6034
5580
5896
6281
8095
9008
2715
8618
4528
5669
2571
3268
9847
98
8457
7872
2367
2663
860
4146
9554
6623
8108
4497
5316
9026
1283
8506
4592
2500
893
1446
2380
3014
7110
9490
2711
9158
9179
743
1981
7617
3026
7680
5104
7940
6678
4174
6424
8972
8141
2528
3410
3705
7402
8625
394
6479
531
8328
8432
4546
7145
5494
6891
3334
128
2493
7935
5435
3707
1885
6299
216
5424
8554
7431
6307
140
2232
2534
4238
5644
9072
1268
4457
4949
9530
1671
9698
7861
953
349
7933
4107
3028
9190
2846
3363
6489
4404
9107
6889
2075
9230
3789
5199
7879
7888
8458
2373
2138
784
7015
2243
3188
5124
3496
7120
7160
2186
5460
5119
3469
4403
1654
89
3564
7338
3251
5821
6914
2850
3716
1750
4637
3621
8815
120
1788
1804
7039
3540
5885
8379
6060
7079
7894
3599
1745
182
8100
1005
1672
4069
6555
6904
79
3486
9688
207
2202
9492
387
109
7516
2823
8879
7642
2556
4228
5614
8740
5764
3791
6612
2672
6518
4602
1623
1005
1654
1108
4771
3695
7097
4858
8923
2380
7683
143
7080
9386
7833
4302
4581
3664
8224
9455
9803
666
6539
8709
6597
2595
7369
8511
7677
1199
6173
2320
1570
9601
9605
3467
2600
519
6708
9481
7410
4077
5257
9533
5327
59
5830
7258
5955
7511
8573
1786
6873
4083
166
5563
1874
7855
1463
3601
7306
4054
919
9737
483
358
3979
2657
508
6625
9929
4644
4205
915
5828
5453
3668
8946
4868
3078
7699
9183
8748
5650
2905
8136
9130
1685
6073
8378
5006
3011
4938
9168
1406
2133
7807
6817
1894
7645
35
4550
8876
1688
2975
6299
7602
2299
2421
2966
4971
8836
6881
4637
3246
8795
4283
3420
110
6139
7706
7612
8253
3984
7377
2968
5819
7307
7387
7568
6797
8350
714
4336
4606
7204
7815
3066
4337
6471
1478
3850
7824
263
1887
4056
8737
5874
6215
7301
8082
4552
4412
4051
5211
9823
9839
185
3042
2188
7881
7973
2303
5755
3741
5940
9763
1534
2676
2009
6793
8438
8040
1604
5832
8202
4525
5420
5022
6125
7552
2894
2808
7595
6383
8519
6782
4785
8747
978
5089
7539
670
4604
4053
4176
8387
5504
896
4997
8196
5982
5852
8854
8398
9495
8248
4630
696
7241
9631
3607
3697
4334
9542
626
9010
4540
7331
9656
5966
9443
5736
9525
273
3031
5469
2570
5347
4170
406
543
9300
1599
7120
4793
7897
4212
4486
7747
3995
3824
6464
8090
3926
8650
4759
2767
4982
6262
4070
6305
7362
6908
4462
2404
480
7229
870
9953
1823
4965
6608
4202
7235
8863
1244
4944
277
7474
3847
4527
7942
3086
3569
2542
2429
2650
4853
9883
5143
8600
6919
3021
7864
3740
7424
4909
7654
4421
2220
2626
7258
3628
6289
4154
188
9674
1945
9044
6932
5404
8515
3591
6566
7010
1545
653
9164
868
7949
609
8985
2881
2599
7572
44
5184
9153
9404
8267
4890
1770
5734
8665
5514
967
6865
4916
2724
1721
9664
5403
739
4692
9510
4559
4970
179
7180
2532
4855
14
3025
5498
3276
493
3964
9359
5205
7928
7097
4919
7903
2875
2878
9826
1529
7548
5111
406
9132
2326
33
7080
3504
8916
9291
8717
606
7730
6144
449
85
2825
5
1885
7065
8286
631
2862
1424
5193
2833
3775
3348
7773
8156
42
3961
7503
5020
3423
8803
8319
9914
5356
9473
34
323
3637
8195
2078
9501
2890
5410
212
7269
6080
3760
87
7826
3850
3290
2448
2263
571
5293
8797
5165
4158
430
2794
7793
8448
4590
8642
8926
5458
6665
1334
2595
5847
5695
9367
8804
3637
3973
3918
3590
2124
7311
1285
1848
6691
7500
6681
2786
7866
9401
4572
5411
4177
6846
5398
3458
5437
4273
6108
2144
9385
3971
9764
6727
7132
3583
1390
9181
7148
3124
5883
6858
8453
3960
9301
6585
6734
9247
2787
2597
1730
9755
1604
9362
6472
5200
7125
790
6072
292
8988
5902
3502
962
2559
8736
859
2878
5446
6910
4574
868
6735
1216
7119
1569
3160
9566
5588
9024
2541
3741
6201
2735
3329
4690
7578
6416
5978
1524
2353
8803
9969
4673
346
1498
4984
3828
3295
2792
6118
1981
7505
9960
4303
7967
4521
8232
5610
55
748
9260
1626
7717
5773
7363
2615
8585
6795
3057
6992
7880
8652
803
9678
1991
5794
6981
4849
1300
5128
6321
7366
4487
7418
4568
9831
7495
8433
3133
365
3462
1304
6184
305
192
496
545
4201
1781
4304
2114
9095
4991
7170
4722
6385
6511
1542
39
7505
5002
5961
3959
5050
8866
5153
4077
3254
694
9185
2809
9015
6272
4256
9608
1870
3522
1720
4136
9107
9888
8473
5097
6582
46
4034
4477
8977
6206
5140
7135
6290
445
8789
9855
4475
5072
5002
3567
4508
272
1140
1067
5555
9010
6985
1991
6172
413
6104
4215
6093
4831
3189
6869
6081
1826
3910
2310
6585
5706
2798
6544
4511
2309
8151
7917
1434
8414
4754
1911
2118
6730
9655
9632
4494
9178
9990
1736
7136
2073
2179
7636
1859
3534
1627
7107
776
6465
3057
4073
2683
7083
9605
2853
1527
8661
8385
7513
8964
8081
7823
4246
2270
4942
132
8101
4015
9699
3018
9700
5309
1227
3468
5648
8143
7025
4580
672
7506
6646
4289
2746
1428
1870
7662
2140
6618
9687
5727
5601
6522
909
4629
8518
1341
5363
5186
2766
7744
1968
5150
9627
8653
1178
7137
3165
1303
4803
1694
9860
6363
2424
5050
4594
459
4413
489
4309
3265
4593
8662
1578
6679
509
4596
6677
1092
3150
3176
3647
2786
7851
1297
1364
2981
5848
5661
3550
8332
641
6629
1666
9310
4322
5428
2464
9057
7840
4923
5772
4813
9903
6384
5293
3669
3125
5522
6907
988
5601
5113
7346
7533
1814
2564
2436
5740
5901
8487
8768
7016
230
9600
8069
2903
9815
8552
2146
6150
1069
9612
4082
1217
3347
902
3662
8879
4542
3737
9168
6425
3885
7833
6024
4753
1346
6163
4691
9576
875
8824
7008
6262
7364
2376
7273
8410
9857
9169
6442
8428
7677
1091
9408
1505
2073
8800
821
2722
3621
5326
4574
8202
84
4943
1259
4853
8775
9235
7924
6184
8108
1566
5172
2578
4798
1144
4830
2613
2477
7477
210
5167
1145
4552
9515
9444
1432
4667
2475
8161
8467
7405
8479
454
7990
458
1951
535
1900
9941
9533
4781
3452
9650
8515
5770
6943
5922
5581
803
8231
1153
2215
9276
5175
223
2210
5845
1352
4521
8513
2091
7625
1937
4559
5305
2766
5634
2335
2141
937
81
7913
8004
7592
617
415
9436
3015
9184
8851
6477
4102
7138
43
7363
8760
6033
2789
7751
2362
9617
6916
8330
9599
27
7556
8585
9142
3099
7667
8469
3444
2132
1389
2964
7563
2154
2080
4783
3763
8908
5885
4730
9029
7823
9182
8269
2868
8334
1744
9435
2371
9353
1666
2290
7913
2278
2860
854
9620
5087
4383
7809
1221
1018
3244
22
2325
3654
7143
174
3561
1976
4651
393
1065
1140
5171
8850
6082
901
7463
6731
685
6489
2690
9811
3847
3383
7420
129
2582
9586
9103
8346
3089
8280
5677
6643
1790
6093
9935
8219
1371
5203
8579
3835
2976
8004
7962
2383
5376
6246
4289
9658
4781
9229
3399
4181
8728
2600
9026
3694
5804
2733
6873
869
6942
5401
5010
9064
3245
9683
3081
9210
7011
1371
7986
9426
9234
223
8395
998
931
8651
2723
6589
6029
1048
1536
5311
8904
8566
6617
7943
215
6882
1793
4351
4877
1718
2975
3448
880
8437
5072
2906
469
1430
6770
6536
827
5414
8726
7919
8970
9713
1721
4252
4032
3286
6296
5799
5674
6517
6763
8778
5327
8784
5326
6831
4575
2925
9846
7416
6657
9179
8039
6849
8678
7688
8060
9471
7061
6746
4975
3799
1602
8609
2869
9332
9083
3780
540
2063
4135
1164
6447
7563
1677
4376
9181
2460
756
5181
8416
3300
3987
9518
6888
140
9506
6203
6528
5254
3312
6657
3313
2187
7418
4189
9934
4255
2219
1154
6959
6673
1697
4573
9822
8645
8774
6546
6310
7373
768
5969
711
4045
3128
4521
2449
5876
4943
6972
4539
1726
1330
4857
8159
7750
5846
2536
7456
4122
2118
6871
3948
7187
9480
3414
6574
106
8033
2267
9973
3969
8140
2718
492
9259
5065
2935
3752
1344
2345
8722
6932
2635
5994
2334
3773
7638
4230
1252
3095
9997
7913
1169
1941
3722
7004
6200
6066
2980
5039
2640
9170
5165
9833
3509
6267
2289
4720
8616
1536
1130
1275
4955
1493
9555
1212
4257
6183
106
2661
3226
8564
6871
4167
1959
4992
1485
3763
6857
3106
1612
516
486
1694
4093
3791
2438
1055
3670
2659
1276
6955
4909
9142
8325
7468
3426
3088
9462
3150
2715
9724
8271
773
9053
780
2902
9758
2750
6725
1093
637
9262
6641
5289
6107
2688
9269
2477
1459
4939
5331
1734
776
4094
1637
2618
6653
8747
2283
5594
3955
3200
8828
6165
3999
7139
8997
8755
7041
4192
9366
2128
6167
8007
9245
6878
5224
3422
8750
5077
6087
5854
508
4435
1012
6948
1600
3397
3546
9002
8305
6165
1232
1162
7249
5330
8088
9022
5675
8317
886
8664
2895
2786
2190
2743
4956
2805
4300
2891
6174
5117
2569
742
8460
1983
5041
8304
7615
1962
5479
353
2338
4580
6509
2037
3390
6383
7237
7900
3294
2326
1083
1963
9866
7338
7921
4287
110
2921
7251
1458
3523
7540
2723
936
6466
2542
8516
2433
6025
7915
4519
324
6954
7826
2519
6628
7014
4372
3441
4769
655
4202
30
6303
4691
5794
9633
984
5786
7253
7766
232
1062
234
8202
7498
7171
9615
4174
2534
3574
5079
5756
6047
9751
4539
34
7751
6996
7053
7964
1803
378
9219
8881
311
2329
1762
1414
3068
5736
7806
5425
4048
7994
2138
505
4273
6064
1763
4877
625
3175
5250
400
4733
1177
7139
1353
1591
293
4868
3077
8296
6673
1674
3378
7285
1266
7703
9837
5221
1929
2016
2462
3283
7181
6589
6495
5645
6757
8776
6858
3086
154
2731
972
3261
1830
3659
4112
6950
3603
4686
7063
1510
9359
1565
3679
4925
556
9883
6973
5029
4139
6096
858
3580
4799
6017
7448
4075
1417
9677
2907
7977
4715
1371
6303
5092
9108
2158
4342
5269
8325
7090
4915
4070
9915
1005
4171
6636
252
4031
2645
5030
9729
2811
7135
3234
8347
1285
9072
7934
6295
3653
4516
1077
1270
6699
8563
150
5927
9348
8112
2068
7122
3238
8787
5945
9888
8410
9030
4825
4854
2293
4112
2770
7862
6015
6237
2368
6541
9056
4905
1536
3852
9986
4608
4940
3231
9240
1332
2460
4138
4360
1884
8957
9110
622
1554
3677
5579
8655
7228
4388
7645
7368
7721
6161
5686
7011
6224
8802
2360
7545
3696
9748
2621
4157
989
837
7053
8036
8472
4339
7909
5975
1719
2520
8131
4474
7172
4584
7339
7029
6944
120
1076
4924
786
8748
906
4801
911
981
4713
8286
1955
7182
6098
8586
3901
1075
8975
6232
6569
9672
3675
4691
4764
4469
3571
9030
9538
1933
4294
2393
8771
3468
6000
6301
6284
344
255
3904
5347
9351
272
7689
6861
2896
3780
9476
3628
8830
3086
4608
1811
8418
3186
7297
4617
8218
5252
117
2622
5273
5425
1001
8414
8145
4024
3976
9067
2239
667
5215
9267
5629
1189
9892
7432
2163
5015
8959
886
605
1808
3221
453
2383
8801
2862
1853
1856
125
3219
5099
2393
1891
6114
8043
2333
698
5031
7792
2548
6844
1463
7090
3741
9784
9046
6103
4016
3399
2985
2102
6832
9595
3747
8567
3142
2888
2496
5664
9348
8247
6303
8213
3052
4736
9045
369
5936
8680
168
7063
2971
8480
4092
8501
2819
4494
8193
1154
6712
7395
7706
3093
3767
4930
1421
1147
6115
8176
406
6465
4941
9205
653
9749
8939
1389
9425
4424
5413
2707
180
9251
398
6572
3448
4144
7355
5061
4148
9295
5703
3705
696
4487
8635
2068
7579
7439
4894
122
7415
2370
1977
2889
8220
140
423
7361
892
9030
6090
6034
3036
5276
7674
6712
1139
9009
216
9867
304
9435
4063
9896
4777
3200
7717
2828
6201
5814
3377
8748
5177
4430
3373
8525
5767
8741
6547
4279
2850
3261
4445
4827
4063
4634
9320
4438
5136
5344
8915
1927
2801
5715
5757
2767
7797
4149
3817
4464
5417
3025
5869
9127
1726
4779
4772
6646
5801
1703
9195
8909
712
4375
4691
3565
7543
8250
7636
6210
8234
6939
2743
9564
9514
9004
6186
6192
9789
9907
8505
8837
2634
1758
4145
7795
640
7779
6034
3725
4143
1632
5372
597
5630
4584
8583
4848
9332
3045
9308
8587
3744
2313
9596
989
9452
3655
3000
776
5636
4235
2514
6156
3835
9638
7426
505
4354
9514
1426
213
1823
8745
2866
972
8413
5201
5338
4427
7050
8333
7464
1790
4472
1107
9597
5155
9970
4507
8621
3448
3127
6439
1891
6918
4720
4913
5004
8281
9162
936
279
223
9280
1860
6123
4999
8305
4898
2841
3581
4497
7370
8452
6980
7682
8164
7055
860
3849
6671
2337
3742
4533
637
3948
3798
7449
7967
2323
928
3860
4663
1382
2233
3029
3599
6760
3865
2893
6450
716
9905
8832
5665
2694
4723
1052
2802
7210
6131
1693
2634
7660
2709
9561
1816
3210
1866
7537
8034
1647
3038
8340
5305
6509
6175
6237
3053
3909
7754
8459
4406
4930
1201
7255
5829
4697
7737
5114
8575
3604
7380
2845
6100
3928
2571
7092
5844
6331
1295
597
2695
2133
7431
1133
6924
8810
5813
4862
1117
5010
6903
3578
175
2506
8834
1851
3186
55
3065
9170
9952
7583
4931
8242
4180
6600
3159
3264
6588
2149
5238
310
4687
2436
1141
2576
3104
2764
2649
3596
9365
162
7856
9923
327
5145
6917
3888
5626
8640
7078
3105
8411
4114
445
3314
7317
6328
8100
2941
2170
9880
9646
1157
827
6515
9181
6665
1900
4812
3395
1836
9874
4953
7936
1094
9947
2745
7146
8976
6760
6145
2726
7553
7843
7066
1035
4398
4686
1413
6020
1133
8194
5193
657
9037
367
6774
8194
6714
8695
4516
7644
3892
5714
5235
2914
3739
7542
9095
5533
6194
9060
9480
3375
3827
7103
8378
8682
6598
532
1261
1722
67
2950
9856
2698
6378
8369
9299
2210
1129
3976
5683
1766
8219
1070
178
2665
9307
8214
3203
5500
4755
1674
8129
5081
9611
6630
162
2937
9693
1476
8065
9444
2145
9604
8341
524
9078
362
1647
9308
4749
1321
6467
9496
7444
2480
6011
391
8730
5380
4275
7322
2454
4313
8611
7383
1927
1221
4018
6681
1969
451
5788
4713
5495
1017
5271
1124
5698
5863
8840
3036
2646
9937
5885
5156
9094
396
9906
8148
600
9868
6051
7219
7497
8758
9361
7329
753
4419
6748
1280
3374
6106
217
9346
2744
2525
8589
2275
5694
2019
2391
9705
7604
2494
4755
9894
4997
3955
4095
3721
8964
150
3530
3998
748
3563
2109
7948
7976
7130
6849
8521
257
1007
248
5870
3438
6781
7786
9183
3483
5038
9092
1051
5235
4957
8641
5900
4515
8811
1755
6116
4622
5820
8833
6561
9815
1571
6382
6103
204
3367
2781
9721
2102
7142
4435
8793
4089
1967
8108
4951
6829
9917
3440
4103
2769
4749
2702
4567
3369
2233
5452
7107
4284
4319
2052
6345
3550
6024
4356
6269
4644
2866
4340
4590
4142
8184
1781
316
8323
4956
6391
6272
1226
6428
1316
7338
2380
2126
8477
5200
1116
8556
1037
8326
6770
8305
485
4248
6512
6107
3437
9109
4959
7991
6430
7171
6579
7927
6392
4571
7995
1166
869
3122
3985
3800
1993
8027
5837
5575
8025
7192
342
7970
9764
2245
5778
851
2855
972
4462
4656
9225
1222
7852
985
3880
5182
7540
3194
764
9496
9302
6762
4226
6706
6763
4028
5890
4841
4262
1787
9318
3485
7701
2011
5971
7122
5567
9259
3339
8944
2603
4020
8606
9497
4254
9630
503
2388
6454
4750
6427
1147
8300
10
9400
4948
8175
1120
8932
6115
3555
4706
7542
3534
1099
5491
4921
3108
7809
8530
2451
41
2561
2060
6782
5138
285
8577
5994
8675
4264
5645
8629
727
1406
103
3726
1877
9625
7045
9813
5476
8965
5177
4923
8487
307
9020
6512
9016
6597
3490
6063
4900
594
3671
7508
7153
3011
7006
6364
85
9584
737
8137
8721
3582
7763
1672
7003
5714
7144
3258
748
3606
8859
1084
7228
553
3194
2111
1086
8515
769
8064
6935
7911
8647
9667
7346
5165
6690
2051
9163
973
3836
1770
1027
6206
2289
1513
4703
1123
7733
1104
227
8915
5243
7194
6537
8427
5166
705
6800
1859
5494
9846
5634
3324
4979
6502
5732
9430
2456
6725
8134
5719
1839
9122
2708
9840
3947
6020
4177
5225
7664
9453
9782
6032
7011
9769
959
6935
6760
7841
5046
9097
7209
9712
5838
2199
3534
4854
969
1521
6895
5101
8413
4033
1305
8445
7632
9166
889
8787
6050
2651
3744
940
9498
6224
8467
2705
6853
3548
2159
5646
841
7687
3981
3604
4774
1875
1908
8525
6501
6322
108
4121
2990
9836
5516
2479
2353
3512
5680
8
8780
215
8102
4179
8476
856
3790
9513
9110
3488
2059
6320
6769
4674
3536
4319
5622
2477
9999
5284
5521
2496
2785
3830
2648
9726
8629
2506
2906
3617
1894
4746
2889
4280
3218
1402
911
2147
7191
2968
252
2345
6863
6214
2379
6914
5057
5955
7976
3757
7719
1559
8110
6835
916
2860
7082
1472
4812
3068
253
744
455
410
4174
8349
3212
9308
5127
170
2299
9769
6825
3797
5505
4108
4050
9112
4358
5639
8817
7056
6975
1723
37
2926
2597
5689
4981
5817
6030
6385
1316
6681
4475
7468
168
5335
4426
7546
3176
811
4112
2934
6652
5268
422
6656
6236
8470
2997
3677
3220
7432
58
2201
2238
3052
1059
2424
3470
387
8513
919
8763
7969
5695
1928
7113
7534
5765
6582
1619
8229
7548
2960
8810
4485
448
1398
1448
5961
931
1687
68
2727
5469
1037
712
8860
1537
6877
9895
5430
5563
7451
6989
1300
5668
498
6499
735
1412
5535
7703
2706
3873
9225
8695
7812
1982
6394
2680
9112
7771
2752
2622
7124
7381
7376
1707
2029
1940
7670
8384
4506
2059
6083
6106
7055
2985
8151
5655
948
1035
3273
5695
5275
8678
9387
7340
9850
4247
5003
812
6653
5316
2912
6529
3622
4973
5719
3552
8450
7058
7518
55
4095
4924
6937
680
8362
265
4875
889
3281
9984
3448
4411
3214
518
2012
4081
2026
6019
9404
649
1011
3514
1722
374
6998
1408
1195
3911
8908
7314
8117
6510
195
6860
2377
4785
76
4876
6088
945
1844
4619
2076
2501
1258
5194
2619
5553
9905
5250
2675
2512
4051
9140
3515
1893
4268
7089
9551
4668
4557
4265
2136
7866
7434
8222
6024
1539
8419
9991
1888
5436
2380
8356
3525
7224
1317
6728
2834
289
1693
2039
6099
6
7482
9402
8297
4934
6734
1865
8699
2922
506
5243
5167
4152
1120
9683
4473
1969
1624
3598
5045
7611
9894
1932
6728
262
3556
5673
9628
3173
178
2348
4967
8997
2787
1252
8961
4704
8638
265
2849
5570
5960
7602
2675
6017
5056
5767
8408
4364
2215
8399
981
6503
5081
7148
9875
7454
1001
2681
1774
6758
3421
5354
760
2965
7484
8882
1720
9166
3597
4917
9638
873
6562
9813
6993
1099
5450
8730
4215
3005
2669
1841
2906
3727
6859
9474
4724
4461
2711
3954
9637
1323
8399
3444
9996
6368
6728
5453
8227
8394
6023
5602
1203
5704
3803
6330
1161
4316
4583
1350
8388
6631
2500
1455
5017
2938
8016
237
6263
4328
8532
9028
8310
342
8670
6620
8472
1399
419
1092
8076
163
3342
3211
9058
2888
9781
224
7880
4435
7088
4040
7559
8292
2943
832
4184
6626
9554
8455
1225
6286
9428
8323
2191
160
7000
2756
8017
6086
225
7290
8994
9381
4617
4951
1156
7030
7941
6011
9171
6523
9272
7465
7045
3333
6494
3523
645
2951
8867
9915
9360
166
4342
4811
3626
3750
6222
9362
3555
2255
1654
3065
1850
677
3177
2343
5194
5954
180
9265
4574
6082
1295
3306
620
9163
6851
569
2707
7849
9495
5404
919
8428
9127
3993
9061
7823
9587
492
9359
1824
39
9477
7473
6725
4873
2402
7788
1756
4824
6536
1705
1693
3483
8123
9389
2293
4802
2757
5626
1600
6798
3900
175
708
53
2108
8948
4752
3494
1820
4941
4057
4039
9592
5507
8032
6742
4665
9966
4524
6502
5222
4557
9613
5677
7739
4470
9878
3963
9767
319
6612
9394
2926
6742
9690
8849
5007
5610
5822
5086
6531
2126
4340
6486
8838
9933
9163
3243
7221
5970
7657
3885
2157
4309
6932
1181
93
4126
3672
5474
1032
3253
283
1825
2547
6801
887
8249
5533
4879
5251
4403
3971
6598
619
27
7766
1912
7600
2332
23
1427
7401
851
8032
267
6879
4726
1888
1010
5495
8555
3676
5981
7998
2969
3432
865
1817
852
9188
8185
1773
7754
1384
9863
2778
7223
7978
4438
2527
8694
816
4575
2597
1359
743
996
3029
1564
7173
4836
107
7839
4634
7534
5333
6820
591
9936
7375
5773
2619
5249
9269
4104
9375
2790
7218
3645
8428
9890
7381
8993
149
2173
1298
9353
5997
2634
4542
8546
2292
660
6768
6980
4751
5216
4359
4723
8889
242
752
1
896
9012
9331
8914
4637
715
172
403
1334
6963
8723
4461
1643
7955
2286
8944
4068
3981
4745
9353
1809
3010
3434
7070
5210
303
4286
5055
9155
3721
5513
8219
4379
1446
6807
37
8066
7770
5112
1663
7213
7688
727
743
3108
6921
2359
2343
9643
1130
3300
3382
7174
2606
1962
6480
4927
3786
7695
9338
2835
3100
4454
4324
7619
8715
7536
616
5995
6716
5522
2415
2156
9220
8859
7597
4735
4450
3031
5021
7047
4361
7271
8061
5983
3987
225
3379
5785
7703
7947
9867
9511
2977
469
5976
8031
7937
3693
8191
63
2799
2154
837
6114
4828
895
9443
7324
6009
6412
455
9091
9762
1053
7520
7682
2252
781
5142
7496
1530
2723
2381
1959
9266
8592
7540
6959
9599
9902
9959
4310
4809
7290
3179
836
3640
2103
3020
6699
5349
8456
8120
7024
5612
6272
1635
1358
4336
9640
5524
7552
6460
389
401
3078
5890
1506
2124
9218
6028
7050
9761
8386
8607
9135
2123
1168
3877
3267
3634
9984
9907
1001
1219
7769
1777
2065
1770
2313
5603
7739
7959
4587
2413
731
5204
1806
714
9762
3666
6271
5855
5971
5321
8297
3287
3108
5212
3990
7817
8507
5186
5556
3614
5471
2273
1320
8431
7878
2331
7956
5545
9401
180
2631
7396
8388
8931
6171
8647
9379
3153
8632
6415
9373
2439
6480
2721
4163
9919
8382
8771
1689
6792
5605
8164
5228
1039
5693
1759
246
1333
1296
2
9837
5935
9087
9758
7763
3547
850
650
7297
1102
1469
6564
9286
8241
4673
7754
1570
2553
7215
9651
7549
3829
9517
5563
4192
3704
3817
1839
9227
4213
3488
3935
635
2064
9585
4523
2706
5747
76
5675
4159
1961
5490
7531
6003
1905
4678
2958
8797
1435
8208
1851
9743
6571
3180
6070
3442
8944
9788
121
8738
1776
2175
4448
8246
9131
2156
466
9144
3357
9008
2479
5263
133
5738
9513
7796
9883
8645
5417
2189
5366
2676
9350
8076
4976
8954
8032
9828
8635
9454
4212
4087
7622
6937
4151
899
4054
175
4984
604
9052
6081
9962
3002
9295
5163
2763
3225
7242
5410
5358
2736
9744
7494
5832
1836
294
3441
7564
858
8182
5076
5559
4440
5082
9841
7761
1984
6050
2948
9021
945
6218
5112
9520
774
2088
9097
6069
9550
8407
3605
6774
482
1312
9946
6233
9911
9169
3117
6269
8528
7777
6879
1914
1413
324
4628
9124
5313
876
4603
9080
7079
6239
2842
441
1670
2489
7325
1871
51
9665
7939
8597
7374
5014
6713
205
9734
8784
223
9525
2070
3177
5205
9096
936
4541
2453
2953
1160
7370
8349
6192
2829
9956
8460
6768
7931
3901
6493
4226
6321
5938
9453
9514
1335
3485
3872
6104
1570
1688
4900
8383
2538
9207
37
4870
3055
8737
6761
4363
6699
9133
873
3199
4390
9605
2253
3191
5838
2909
3963
6273
4386
5356
7239
1927
3729
9342
2
8034
2908
1150
8771
4336
912
6471
7456
2825
859
8180
4731
344
8688
5807
6415
1317
3963
5915
7032
8203
1540
1791
213
2678
9185
7881
957
9674
6291
6043
3005
8254
5925
4759
2856
8885
2726
4591
5264
9086
9714
7872
1294
6949
9929
6290
1264
9341
7778
6579
8595
3920
510
4737
1025
8408
2842
1085
6796
366
2397
1711
6669
8977
8973
8873
5743
9995
3687
625
6232
4371
918
1928
1912
9456
8969
5149
7236
4673
7382
765
2786
7961
8471
824
3453
450
9990
9771
7076
6982
471
8864
1452
787
4797
9250
4889
9631
2788
4345
8979
1584
885
4038
6
6317
9137
7117
8577
9801
4620
9538
3666
1608
3924
2013
6937
3738
3604
2499
9501
2038
3552
8523
4008
917
2618
3904
9203
6767
34
1916
7941
6361
8862
2028
8060
3839
5588
8286
1866
6240
1583
8071
5467
315
4687
5636
895
1733
9336
965
488
6651
9564
5405
6525
7948
5148
4899
7504
6677
3021
8700
4833
4482
4972
1300
1639
6870
158
5318
7490
2563
5344
9441
4029
1985
2638
6045
1928
7527
7480
5118
7550
4373
4561
4574
1238
4341
8551
984
9437
977
2108
980
3236
827
4824
3202
9894
6509
3005
9810
5188
1515
1693
9601
9268
5512
3429
6937
9634
5148
801
6045
5515
9453
2791
8799
6055
3209
2356
6169
8442
3288
4640
3977
4884
1655
7022
1647
5798
542
7678
4785
8213
4952
3555
7449
5746
5039
8753
6972
6031
7634
9648
2175
4979
8735
7741
3780
7993
4168
4623
4899
7788
6963
8796
2036
7637
6526
3473
3459
8032
3681
9670
3283
6751
4607
5571
6097
5272
5569
4433
6905
1882
6025
1244
2858
2202
6530
8560
6388
7219
776
4300
1252
5808
6305
9854
9161
50
6698
9186
6952
7877
4607
1383
6799
4213
7882
4011
3067
7782
3351
4243
4426
4273
5632
9401
2254
2806
2146
1060
9278
6096
3939
7982
9070
1581
1271
4211
2773
9556
4226
3455
5345
5777
8893
1623
3105
7829
6346
873
8272
7393
3593
7703
7077
932
9829
8759
6588
308
3360
8119
8303
9135
294
2507
3851
3196
6681
2674
8961
7162
9047
1643
2663
810
3177
6296
9270
3551
5370
6948
6459
347
2621
4984
7051
5596
4666
6177
3653
5934
7129
363
2144
3305
5307
9954
2273
2255
2019
5871
5657
232
5939
2219
9417
5205
816
2549
1696
4596
1254
6068
5910
7570
585
8057
9016
1638
7387
6929
6447
3070
3019
7887
5395
9922
2794
2827
6181
9699
9014
3492
7044
7742
5180
3679
2536
8280
2345
1747
2300
1521
3192
3650
6872
9744
2377
8101
4836
1383
7434
1693
5439
6821
9503
7308
4402
9242
3108
9526
428
696
4954
9976
3741
9378
945
794
2683
5706
7271
333
3025
6270
4562
2173
9278
8122
1238
705
7721
4322
5875
5648
9144
2328
3568
6721
4286
2259
5145
456
3168
1322
2858
6490
610
5661
7539
5932
102
7842
987
7972
9584
3643
555
9857
6290
5126
3165
6819
6409
6574
6347
183
7129
1979
2378
9643
4913
8634
3697
1979
5303
8223
2096
6862
9217
3051
9763
2877
1520
5601
7302
7864
6657
3964
2025
8499
3617
8518
5765
2399
1867
4991
5984
2123
4246
8931
8249
5555
3126
2588
9009
2004
4582
3308
8173
6254
154
8560
8452
1977
5934
7711
2055
5530
4647
8165
7049
3015
6928
699
1432
1174
2656
5628
7801
3606
8075
3232
3600
748
7348
9231
2711
6909
6272
4132
4509
7953
2190
9207
2120
5900
678
5166
6154
6462
452
6962
6205
2223
5123
7134
8250
5680
1235
8573
3185
9909
2012
7575
9890
6540
3505
6515
2504
2199
1972
8265
9935
8729
5803
3145
3322
4873
2067
3829
6150
5212
5608
3622
7395
4589
8962
3351
5201
4207
892
1323
8972
633
4840
1937
7550
1262
1899
7445
1772
6670
4955
8419
5679
4001
159
2119
1436
5730
2389
3962
3379
9028
5936
8012
3189
5438
9971
5275
7191
294
920
4583
1809
5137
5634
4543
1807
6364
5919
5637
5801
3873
3770
1032
3007
7231
4141
9768
3013
9966
1895
8098
9949
6895
4236
6387
9591
8269
560
2741
753
9986
7895
5778
9034
607
6106
8225
3671
5607
4341
5287
8967
147
7086
3856
2880
7592
2644
7486
6729
8281
9801
8347
6782
1187
5589
1843
7123
9643
7588
7398
2449
798
6255
3522
4508
579
1800
4535
8439
3983
6594
3869
1353
5893
9243
9504
9302
242
5828
9663
7059
6850
2761
2233
5810
908
7327
5853
9188
9436
2924
7324
5192
751
4798
3060
3586
2926
6272
2429
4780
2106
4462
1830
672
1097
9498
1131
2348
2032
9351
3705
5153
3284
8845
9403
2584
185
4737
4807
4208
1149
341
1353
2608
3837
4723
4855
4102
9115
7381
9045
3956
6359
7763
6439
845
8763
4829
4997
3066
7698
7303
2863
710
5875
6765
7000
8662
1764
8051
4125
5331
6619
138
9635
7032
1304
4178
3939
6316
6827
4204
6267
979
5834
4784
3431
7600
8752
3319
6279
5790
8627
1973
3034
1382
8396
2303
3754
1109
4746
1800
5215
8051
6766
4527
5776
8742
1490
4758
3506
7708
4809
5031
2757
3517
574
346
8106
6006
8598
4557
8907
9158
9467
9228
575
8124
3233
4284
3538
5943
6858
2407
261
9101
7565
6946
2572
9062
7541
8882
597
7397
2749
6162
6264
3226
7984
9906
8957
6455
5535
5120
4206
4917
6577
4315
5618
1589
8832
9568
2696
1603
746
8763
3927
7552
8929
593
1351
9709
8106
9056
6212
2632
6013
7112
2306
1266
91
5544
8539
7546
8093
38
406
9810
4687
6335
7801
4721
6610
2873
1299
2049
3709
5173
8244
8767
1439
4863
758
1038
1270
9080
1352
3654
8538
7404
2930
4800
4509
7504
861
5301
5928
1511
5419
4340
8160
8370
2468
3825
9641
6008
2669
5518
7582
2917
6812
2997
7177
9927
7601
2252
4850
3383
3487
831
807
1781
7820
4945
1984
6811
3246
2907
380
9053
5972
8245
3542
5123
480
7100
1356
7898
9068
3023
8113
9243
3110
256
4783
2545
6144
3094
3234
1437
9654
6599
6290
2592
6560
1338
8653
9036
5302
1334
2966
4880
4954
9613
8432
743
6597
8306
5750
8416
9181
2992
7283
609
737
224
9508
224
1245
6712
111
1068
4831
1452
7400
7015
766
4921
603
1718
8010
5766
8143
9537
8751
9791
2579
6416
369
8386
418
7350
2762
7410
198
5757
6502
2947
5630
8403
6868
490
9634
7458
4759
7830
9332
657
7908
1994
3770
2716
5472
8437
3445
9397
6588
151
2178
9485
2734
8768
4500
199
5969
4708
2401
8816
628
1132
2676
4473
4612
2959
6497
7423
3425
2653
9090
7065
3833
4802
2279
2367
7562
2126
991
8508
9523
7275
8198
7639
7598
2232
3438
2167
103
9508
2633
1904
8304
7695
1638
8518
2056
6035
5136
6842
8304
2074
7554
954
261
9071
7358
747
3003
3396
1909
6137
4699
2214
9049
3691
9912
1726
6537
5679
3800
7780
3889
2012
9988
6380
2352
1303
4486
6042
4906
2061
3552
5377
7348
1113
5462
7789
3051
1551
9630
7525
1181
4818
3862
4920
4002
1944
2598
365
1781
613
9365
9705
8004
5767
17
8650
5706
4696
5893
5534
9963
3249
8750
2480
9322
800
9813
9613
2416
7492
234
367
6463
1605
3138
9241
3355
4627
6442
3999
9397
9480
649
578
3810
5585
5542
1506
3607
7761
4610
4862
3858
7639
7779
9776
7486
1912
4226
1260
3925
8377
3996
1281
9023
1986
384
8343
7310
4416
5315
9611
7911
5895
5244
9217
5314
3252
7714
3718
8116
1187
1350
47
9097
5951
3574
9627
7127
4302
5201
3435
6526
1363
822
7421
4087
1234
7071
519
3399
1789
2545
1736
5293
2223
6260
9046
5938
1322
7909
5767
828
9411
9527
6011
8822
3324
6045
9814
5171
3825
1676
6077
7139
8173
8537
6157
9818
2934
2509
6037
2309
9917
2453
8291
334
9227
3328
6616
4600
1141
1018
8144
5520
156
7565
7042
3928
1989
4660
2438
9640
7796
9021
9691
2228
6903
5715
5387
5388
7
2243
6361
1568
8853
8606
9556
6825
8561
3556
2169
6432
5018
3328
600
3067
5191
2088
8934
448
7379
1564
7155
3003
9924
4908
6495
4770
5306
9540
4927
1625
7898
1496
5005
3422
7011
7361
1983
1907
9648
5868
2235
6197
9490
909
2177
6764
2720
5792
271
7204
5237
827
3470
8506
6099
5902
7531
5894
8823
2006
8728
1555
4308
1426
2827
6193
6602
3817
8775
1351
5490
5381
5780
4014
5493
4592
7278
6444
3283
8292
2832
2522
9093
1631
2656
6545
9617
5523
850
6656
3415
9937
323
9136
2157
4340
7746
2346
6215
1560
3752
5584
8786
5738
8629
5915
2751
3213
6596
2419
356
3308
6185
2019
8612
9627
1934
6877
5356
7782
613
7851
8509
2749
6403
7449
7128
1509
4937
9858
4813
5313
3199
6079
8464
3514
2712
3911
7094
7697
132
4327
9993
167
410
5767
9676
4432
2394
7852
5539
4565
3789
1291
5989
3484
6096
1340
3579
6002
6017
3923
2628
7903
3189
6738
6268
5904
473
3999
6921
3567
6513
4670
8977
5780
8779
5646
6559
5703
8017
777
2434
747
1436
5406
4473
7551
8279
5568
6840
9626
373
5731
3280
4352
1449
1013
6718
6442
8532
791
8454
6292
8858
5240
7200
2471
8991
1526
600
8352
7251
5098
218
3728
8156
8081
7738
9495
1086
6653
7432
4728
7353
2994
9468
6991
4608
1637
3350
1070
814
3078
8589
7159
3524
5340
9698
6163
3697
1481
1929
1342
1986
8358
2286
9533
3692
9498
1344
4848
5716
6093
2993
4460
6938
9309
5077
7599
243
9339
1945
1079
375
7635
5891
2579
629
9730
1024
6647
7552
5330
6819
7114
435
4037
4963
7397
4785
5045
5857
9059
9948
6196
8726
9033
9196
1437
6138
1179
1713
5673
2808
4723
6842
1367
3265
3887
7919
5132
6201
9461
2597
4406
3522
4313
3735
9514
7900
3785
2924
552
2930
6799
8751
3221
8664
5486
5944
8909
3958
8586
5517
6129
8110
9547
4094
1760
4018
8240
8708
9512
9074
1126
4049
5785
6438
7192
2660
764
8638
7029
1965
5647
929
3298
8198
3799
5310
6760
7
2575
3329
4564
2477
6299
3293
7203
3103
5717
2047
1051
3883
947
1008
6300
8819
2882
9843
204
795
5246
5072
7380
9406
929
7576
1506
4025
1366
4858
7796
5645
6957
3110
3134
8286
2171
4367
1618
3751
5229
9199
8052
6215
3845
1157
5046
209
267
8550
2743
8429
4205
5521
6268
1915
7480
3126
7469
4115
512
8491
1094
5901
7936
2568
3294
5366
4398
9128
7735
1468
1372
2447
9041
6622
4451
8011
5557
8919
1389
320
1103
3942
7072
9285
4656
9485
2159
657
2241
1737
4551
1948
7612
8929
8784
4337
3237
5738
7124
8642
4040
9599
7304
5354
9289
256
51
3696
7895
1021
8386
4050
2202
9132
1489
5942
5744
5964
6118
2269
7988
9125
8280
1304
1375
576
3158
1482
7052
799
1723
7849
3015
9692
3846
6802
3617
7749
7953
3020
8766
7124
5859
5355
9517
8662
8493
2485
852
3941
5479
714
4455
8863
8614
7853
1491
8946
3777
5134
933
5705
1485
7748
4214
9419
5762
1859
7932
2363
1534
8281
7687
9098
1048
6095
4218
9024
9456
6245
6911
5839
5507
8016
9450
7290
6671
7881
4433
5618
8584
6515
1310
3181
2367
5266
5395
7889
5428
8360
9617
500
2061
2270
2736
1770
1782
7464
5765
9687
8539
1871
5200
1680
5329
9699
6823
4685
2000
798
2407
6701
7680
8714
2470
9577
8223
8017
8574
4780
6188
499
9396
328
5182
6473
8400
3878
6348
8327
8572
6197
5067
6414
3922
2764
7858
8572
8659
5535
854
1757
6268
626
2140
2603
9712
3694
1587
5307
6631
9644
4390
9820
4025
7210
9100
9058
8876
2647
5009
8985
947
1150
1001
2335
2103
923
6313
8972
2499
240
1699
5268
6672
298
55
8813
5679
5281
2377
1460
4084
3563
6656
8188
1345
8767
4938
8965
5654
1734
82
6973
7367
4238
479
2033
8613
3041
2378
5972
5501
3387
6768
6167
3302
3329
3376
879
1090
3170
8178
5106
8549
443
6809
3834
343
7288
3032
7219
4254
5497
1684
9019
7429
976
5164
8240
7176
5687
3447
1822
449
3864
3291
1563
9881
2925
3603
9605
2448
5550
9740
7937
982
6195
3417
3550
7451
6435
4154
3454
2995
682
1915
1952
8039
272
4761
1586
4012
6385
5965
8183
2629
7658
4138
5380
6693
8217
1847
3022
3245
974
6639
4178
5410
7033
9680
2787
6657
9292
7921
5785
3505
8784
3403
1286
8476
7607
7995
609
3748
3326
3588
8743
3590
9742
6331
865
6268
8206
5103
6312
5436
4258
9272
5592
6070
2833
4194
6256
1959
5843
9084
5461
9227
512
6256
7953
54
9500
6545
6851
2053
1913
5631
9426
4750
8334
8869
1840
3912
6241
7563
2903
9328
3337
5938
5138
5592
3810
3991
8948
9210
2142
3283
9127
6656
7164
6016
5262
4151
84
7584
1768
4637
2019
3786
2664
2156
8112
17
2116
459
5924
6889
9413
2732
3877
905
3920
9915
9519
6315
7585
1286
7408
1243
6415
8672
5166
6560
4276
2839
9663
1349
7987
9217
1278
3831
5975
2603
3400
5256
3479
3493
1203
5452
4114
2886
3252
8458
2950
726
7379
7413
991
4085
9308
2842
4451
7382
1677
462
4382
4656
1285
611
7861
4491
8102
3355
6498
7493
6116
9946
7157
8112
2557
9729
9501
6715
4583
4268
9319
3421
4056
9254
1398
9393
5000
812
229
4534
4305
9323
926
5209
8095
3700
2433
7066
8418
2785
2077
9953
556
5962
4470
2822
7921
9538
5160
1689
4095
1266
1455
4507
4866
5510
5945
7858
3382
9603
3638
4030
7916
8257
2293
5420
5206
1241
8108
7952
5293
1928
4308
5164
6813
9935
7728
2146
9620
8889
9834
6644
4112
637
3854
4757
8504
8355
2414
6599
69
4534
2430
4941
1488
8506
3443
7629
7652
708
3400
8907
4485
8783
9321
1070
698
109
7555
4640
4956
7634
9012
8364
951
6276
6379
1799
5609
8231
3455
2273
511
1269
5580
2339
8894
957
2765
8856
5982
5410
5183
7116
4693
6979
5864
2055
9985
5541
9148
4642
2434
6083
9905
6012
4873
1204
9571
8301
3315
5279
6422
9660
7607
8889
8172
8662
4683
8837
610
945
1767
7854
3648
3913
6247
6667
4255
6238
74
4472
323
5030
8847
4480
5407
4742
513
2846
1384
9908
3732
6017
7438
626
4331
8948
2215
2720
4712
3689
3726
5447
7011
666
6998
9109
1129
4085
3571
3230
3664
7779
9228
6874
6276
9146
3486
5950
9111
6445
7621
5516
2020
2173
7538
1706
7892
5600
5150
2353
5794
6830
5485
2622
3659
2709
3245
9412
9040
4870
2631
1821
3301
3392
5542
3220
5552
848
5010
981
8897
8710
2654
3709
5834
8845
8723
2678
7800
9184
3219
892
3763
1634
9506
7115
6207
9996
7060
3018
6406
5088
1518
342
5960
8601
8742
9125
6598
5819
6132
5448
6470
6130
5703
6174
8094
5835
292
4457
6511
6697
8306
8407
4055
394
5464
9277
7786
3447
4278
3965
4623
5688
6832
90
3140
4517
1818
8238
1813
4454
804
9427
2811
143
9697
1005
7694
4770
885
1390
1370
5411
3566
469
1236
8970
6761
507
484
7829
8603
3052
6440
3902
2213
5373
7487
5896
3554
2475
717
3530
8908
3841
4651
7505
8124
4596
8811
5796
9285
9319
4573
6817
4268
7134
8538
9043
8307
9327
9497
2047
2440
914
1949
9474
9098
9499
2797
9750
7101
1016
88
6258
9422
8661
1509
4996
1544
2152
8821
2689
3702
7982
2177
5467
5718
2305
7291
8292
2990
5079
9115
1610
6794
4310
3788
3663
8017
7764
2519
628
3906
1370
7241
9133
8687
920
6070
6992
3309
3339
7984
5251
7635
8454
5025
548
3766
6690
456
7874
3132
6134
8484
9680
9605
5675
8308
3806
8174
4159
3214
7825
4700
9418
4550
8234
9031
171
3846
3935
6527
5527
8774
8750
8499
2023
7395
6756
8658
3753
3729
2864
4783
2829
5987
5014
8485
671
3973
4770
6354
7886
2515
9317
1578
8460
3640
3622
4672
7466
8441
2409
3350
1385
9984
4607
7220
9722
7680
8030
2412
4597
7366
9683
3279
9312
3107
9460
9290
5244
1643
7692
4473
2103
4177
6161
648
3323
2706
3596
8044
2
8117
4073
4203
9994
1293
3446
5650
312
5935
5271
1386
6976
6727
8522
1928
9726
9003
828
3677
8807
5932
3292
4111
4127
922
2412
5657
1523
4951
4063
1933
5812
6114
432
4548
3630
6579
3707
7049
1236
3965
6139
516
5456
1264
4681
166
3545
6746
4778
9373
7312
2061
8230
7174
5179
9047
2067
2022
4182
6267
2335
835
4555
8408
3998
7922
5492
4723
1895
6999
755
7003
1115
1585
5617
5655
2065
302
3752
5851
6685
6858
2522
7961
6028
8246
9564
9035
2318
9415
6836
6999
5367
4731
4292
8480
6715
9682
3000
889
9841
943
8127
6841
9341
2972
3613
2758
7862
6758
5101
7702
6985
9905
8087
2068
1326
2777
303
2541
9767
8023
1510
485
8334
8810
4944
1117
6332
5341
1661
398
8671
1968
5563
5844
1279
4777
7033
9395
3393
9053
1791
6726
5271
32
6943
7967
2021
6621
2048
4165
4362
952
6768
8507
1782
9858
1967
5397
8369
6308
9505
7306
603
7400
374
918
7043
390
1925
3201
7582
9467
7448
1821
3703
5433
8233
6041
5550
9951
921
6873
6674
1470
5920
1681
1029
8766
1014
5889
6158
387
4053
2425
4633
7006
1765
3661
5034
4911
1628
2261
4555
4543
9151
9401
3903
2129
4457
3612
9703
2310
9114
7965
7822
7560
7757
5117
8988
3608
5015
7628
9459
1926
3715
6280
7112
1009
2116
6396
9299
6994
8598
4986
6095
2586
3464
626
5225
4578
4496
3435
9063
5171
6933
7181
9922
6633
2356
3532
9747
2664
3782
8707
5856
1216
308
2669
2535
7519
7442
1578
3312
5404
5761
4868
9191
522
2268
9766
238
2713
1199
2230
9912
213
7199
8699
1869
6144
2921
4539
8061
8907
3360
2601
1677
1988
9374
3021
2402
8059
6855
420
2024
9781
9864
8063
4454
2809
1251
994
9655
8705
6140
3412
736
4362
1544
8516
2559
1487
7152
2410
9123
8763
1955
1176
525
374
5260
8419
3745
9928
3921
3552
427
9562
928
9415
1141
5184
2523
9118
1719
8561
6386
335
9551
9494
8047
628
3072
1691
9530
6885
5126
2880
2330
6719
4929
4636
9767
7119
6364
0
3794
20
5413
2162
602
8223
183
2007
6181
9214
9464
1973
7832
4192
3697
7048
269
7947
7384
6536
841
4288
5640
2297
2797
7276
5
4087
2991
8961
279
2025
6124
4643
4729
7346
4914
5642
5767
7836
8960
5906
5631
3615
3763
278
6737
1660
2415
7833
9602
677
4642
4934
5506
2065
3014
2075
5677
6027
338
4563
4193
4715
623
6161
3779
5969
1483
633
822
7380
4398
8951
3352
5061
8475
9486
521
9300
1032
2407
6021
8122
3914
3434
7256
2722
1876
4121
3087
4769
4796
6986
8691
4260
1347
1572
8582
1309
9455
5894
155
756
6580
5976
3507
1350
4621
6248
3931
7230
1165
1166
2228
4227
1671
9105
7821
2834
8036
9619
9725
5828
5889
5455
5321
9475
8889
7485
2884
9746
2762
213
1336
1847
4998
8991
5201
3589
1595
3100
6567
3007
3861
2935
4116
5987
1850
3456
8132
2227
8150
53
3343
5037
5739
7260
7962
3291
4965
6208
8823
4438
2839
2803
7891
7542
9895
9879
4174
2579
3835
1230
9989
428
1734
2548
6552
1268
8430
5068
957
1017
4453
5804
1008
5185
1710
7364
5078
4902
4551
8172
6811
5581
2931
8233
3358
5585
9112
2427
7361
3210
1938
9390
7689
320
6389
6493
4615
7244
9908
2960
1319
6296
4038
6975
5650
1197
255
907
762
5843
1284
6133
4776
2764
241
9994
1004
7686
7653
7879
5060
5109
5571
7951
5056
8583
219
237
8160
8438
3706
9082
730
3512
7181
8599
3501
2508
2322
2468
5520
7949
1965
9030
829
5896
4827
234
6361
9007
5653
7252
1699
7370
3911
4453
1366
3954
677
4803
9750
348
7656
7185
434
2342
3232
3346
2045
1150
9400
7151
7318
793
4287
8196
9231
1302
6084
6684
1397
7388
4292
5215
6023
7162
8825
1952
3227
3084
660
815
2159
8018
8385
1811
9909
4273
8410
1447
6794
8294
8568
9855
8488
5352
9969
468
2680
1242
7866
7446
5112
460
2692
6707
9646
1762
4609
4527
4629
8501
7640
1703
9742
6687
7949
9324
9779
6309
50
6395
1111
4129
4774
7844
3969
2744
8945
1399
7411
8316
9148
5791
1785
4714
1582
3026
8361
1265
3413
5872
4496
7255
8248
1121
329
6429
2025
7475
8572
5780
2544
2431
1175
4664
2666
2884
3234
9484
8085
7752
1520
2001
9680
9318
5134
6856
7662
3970
6695
7728
2926
3975
8178
6043
8593
8773
3556
5879
928
9226
10
5940
7539
439
199
8144
6537
1729
9751
694
9557
3845
5972
8476
5150
3727
792
3645
1299
643
4752
7880
2850
9104
8796
8954
8184
5719
1506
4193
9699
8838
6425
7245
370
5855
9223
4140
7832
2785
6323
1918
9358
3561
2609
7968
732
7251
4108
6840
3975
8185
6018
9771
9046
363
3758
2766
7389
3192
4209
8954
9449
8042
6161
1944
7387
8361
7918
3558
5112
5585
7608
8693
4074
6987
6230
7812
6113
7027
9398
1030
4448
960
2057
5267
5773
211
5937
9209
6690
3578
2550
3856
4747
773
6376
8025
6272
2775
7723
6249
9630
9183
3872
2621
9373
4835
9618
7844
1187
8237
8323
9197
7147
2168
6592
5544
3917
5044
5446
6559
1020
167
8393
965
3903
2397
4107
515
9472
9968
8678
2084
6168
7217
96
2316
8830
8069
6118
5881
7689
643
2571
870
2551
6545
3237
6488
9861
5270
3532
7684
8917
9491
2783
3364
7386
9595
565
1908
4043
6739
1880
6083
2576
4401
5808
2753
3051
761
8154
3477
5564
9228
4350
8768
6535
1457
2095
8919
8050
4625
9830
5930
188
159
2186
1977
4172
4450
4337
1996
6585
548
8037
8463
1959
2876
4599
4212
244
6401
5057
8259
1102
3262
8886
6494
1115
9822
4940
7724
6898
2971
764
806
618
7063
939
4073
6247
566
2136
7505
9805
9002
9647
6296
4454
5583
3244
1552
5715
8781
8158
1260
5141
9356
3820
5925
6490
9605
2800
9735
7778
7738
4642
1388
5795
7252
6730
1385
3301
8610
6635
1034
7308
3227
7885
1961
7057
7370
2842
146
5910
4751
665
1279
1363
9973
3468
6869
2778
2718
1238
5786
1967
27
2283
4102
6952
5762
2286
1649
1050
4587
7526
1351
1048
8070
4975
9641
5519
2506
5194
3530
7291
4842
9618
7005
5107
3945
6618
8201
5198
9816
7256
3039
8259
3330
1352
5586
9402
7796
534
9260
2154
1955
2722
3258
2097
5678
1611
8484
7707
2784
6714
6319
6589
5343
4344
9909
6137
3329
9439
3122
1683
9653
8523
5906
4035
6424
5141
8610
5347
5662
6631
8360
9590
6588
2436
9526
6431
5257
2339
6166
9257
4380
9132
289
7275
4521
2629
2745
8714
3901
8654
7946
9530
9127
7016
3772
8694
5521
5353
1821
5807
9520
4799
1372
12
7948
9334
6497
9257
5037
2631
6561
3376
1889
2115
9934
9207
796
9533
7780
7693
9285
3447
5935
9957
7158
1065
8197
1172
738
2760
2792
1515
2140
1952
9249
1351
5587
3036
3941
2198
4105
9980
9717
1873
6487
3545
8825
8631
4104
901
9658
1331
929
5797
9079
5902
1395
302
5763
9911
515
4805
8928
7845
9831
506
1977
8828
8008
6686
2595
377
2597
345
6193
8203
8629
1594
6874
4356
6160
4646
6277
2781
5705
4696
1808
935
2506
5347
6879
3279
3359
4217
7601
3699
6497
4453
1543
4757
9191
8208
9391
5096
5871
7270
8713
1475
4956
5904
5298
9457
8873
9138
1049
2431
6881
4038
5369
1098
1029
7894
2781
9349
5916
6726
2922
8520
6041
5835
2161
9423
8103
5160
8336
7649
2987
7726
4032
3782
7550
5096
8407
5500
6034
5219
8638
4933
2293
4168
8562
1403
712
6405
1497
8946
3004
5542
3519
8903
1639
3608
4229
1664
317
7060
9663
6193
5388
5218
4254
2221
3337
630
5738
2975
7982
7243
4528
6654
2989
2225
7130
1105
5598
1829
9820
7730
4741
3994
6482
6865
3198
543
5583
1774
4876
6691
2651
5637
5130
7965
4396
4412
9725
1818
7008
9867
5371
4893
6624
9494
7729
8630
5796
5619
5121
5960
7379
3599
5260
429
4846
2816
4404
866
5228
4048
1344
6980
9845
4782
7378
8230
8822
6091
8313
4097
2020
3976
3184
9885
9335
1376
800
1954
9686
2692
1213
9240
4285
7038
6786
8930
3718
9437
4759
808
2454
894
1812
5814
2736
9728
4370
5453
57
5342
6875
3868
4974
6917
1042
8892
1376
7087
7419
7400
5377
330
7592
6156
576
993
6245
5926
2492
7134
3305
1320
2958
5760
5402
9011
3864
3241
2984
6586
3420
7166
4189
4641
6589
7199
1757
1337
7298
1594
5037
2827
1004
5199
7544
1124
9201
6747
5611
8703
6964
3350
1873
6385
3344
4359
637
8755
4582
7428
6468
724
6560
9031
7611
7071
6405
1264
4851
4672
773
6716
6246
9729
381
1558
3952
5486
8840
4524
5878
3682
2198
924
1908
5279
8037
6095
8640
9852
6313
7243
8061
8135
8743
5054
5649
3155
2664
9065
2709
7208
4228
987
4719
3546
1388
6588
5452
4947
3115
7717
2848
966
9279
3940
7534
6219
608
3429
6933
3672
2240
6584
625
377
6520
5507
5652
8784
3225
9795
5015
5655
8424
415
7000
6153
7902
9124
9766
5933
1530
1753
6289
4727
2303
4967
7048
3812
5321
2861
6618
3196
221
7334
1299
6156
7151
1618
133
9105
6478
2531
4163
1173
136
1456
688
5376
2868
6206
5959
4886
6647
6281
3580
1334
9859
9215
7352
2948
7028
8312
319
3843
2120
1482
4792
6656
309
8033
2418
9874
9710
8400
7213
4993
6566
7548
1561
4395
3012
6555
3575
640
7503
1769
228
2306
9310
6293
2014
1501
5906
373
8026
6557
9142
5875
1140
4022
8551
19
5047
1515
7311
7496
8032
2955
4675
7047
593
2615
1096
6533
5578
4158
9321
9391
5384
1011
2925
0
